"admin_id","1","2","3","4","5","6","7","8","9","10","11","12","admin_name","ctry_id","ctry_name"
152,0,0,0.014242037,0.075008119,0.18875864,0.252731205,0.245085669,0.152123708,0.057615226,0.014376235,5.92e-05,0,"Aragatsotn",12,"Armenia"
153,0,0,0.041921162,0.138767765,0.241703445,0.260803383,0.190756648,0.087659565,0.032746047,0.005641986,0,0,"Ararat",12,"Armenia"
154,0,0,0.052932392,0.166905249,0.266847662,0.260508312,0.164379426,0.062725374,0.025339643,0.000361778,1.65e-07,0,"Armavir",12,"Armenia"
155,0,0,0.000796698,0.043260046,0.156029287,0.242231755,0.265946866,0.18190076,0.080255595,0.029473896,0.000105096,0,"Geghark'unik'",12,"Armenia"
156,0,0,0.013577148,0.072370685,0.178606333,0.240209742,0.240801521,0.159365636,0.072653144,0.022342712,7.31e-05,0,"Kotayk'",12,"Armenia"
157,0,0,0.013233447,0.080137283,0.202790821,0.268093037,0.249399328,0.129823967,0.041291414,0.015046715,0.000183986,0,"Lorri",12,"Armenia"
158,0,0,0,0.039173367,0.156376656,0.24564699,0.269821576,0.184259569,0.078268533,0.026277238,0.000176072,0,"Shirak",12,"Armenia"
159,0,0,0.019767232,0.088348122,0.196976726,0.249064706,0.231265521,0.141154914,0.05779988,0.015413753,0.000209149,0,"Syunik'",12,"Armenia"
160,0,0,0.041258272,0.144042292,0.260360932,0.281052853,0.191838748,0.064748938,0.013795041,0.002884769,1.82e-05,0,"Tavush",12,"Armenia"
161,0,0,0.01524623,0.077510572,0.182253047,0.239316628,0.236898237,0.154919784,0.071742077,0.022050399,6.3e-05,0,"Vayots' Dzor",12,"Armenia"
162,0,0,0.054093404,0.169743589,0.270978132,0.26325708,0.161731629,0.057679774,0.022516392,0,0,0,"Yerevan City",12,"Armenia"
274,0.189028767,0.17041238,0.151655175,0.105173083,0.086096349,0.053823433,0.015992227,4.41e-05,5.32e-05,0.019470726,0.071531065,0.136719487,"Chuquisaca",27,"Bolivia"
275,0.195801348,0.16661638,0.13856436,0.096729562,0.072261926,0.044139993,0.020053147,0.003847984,0.002448876,0.028774205,0.082588091,0.148174128,"Cochabamba",27,"Bolivia"
276,0.114530832,0.118745017,0.185913004,0.124971009,0.042222819,0.046290405,0.037345594,0.031352958,0.050060395,0.073061259,0.086470108,0.0890366,"El Beni",27,"Bolivia"
277,0.100042123,0.092039808,0.109680479,0.11060908,0.110338718,0.093436461,0.069468531,0.046304541,0.040604967,0.060160614,0.074713431,0.092601247,"La Paz",27,"Bolivia"
278,0.316718001,0.132093383,0.007852047,0,0,0,0,0,0,0.069152942,0.180010833,0.294172795,"Oruro",27,"Bolivia"
279,0.125049245,0.136057349,0.096492773,0.010287681,0.012748868,0.015901502,0.03029395,0.067541291,0.102139136,0.131627844,0.133903515,0.137956846,"Pando",27,"Bolivia"
280,0.292196264,0.219365034,0.101017869,0.011875858,0.001348138,1.13e-05,0,1.9e-06,8.64e-06,0.027714676,0.115665543,0.230794764,"Potosi",27,"Bolivia"
281,0.091899876,0.108443623,0.153605594,0.175361069,0.1601687,0.091082079,0.041930495,0.012957748,0.008718636,0.027916236,0.052830025,0.075085919,"Santa Cruz",27,"Bolivia"
282,0.161472687,0.160273825,0.158886023,0.126938794,0.109172075,0.072828462,0.025150911,0.000300302,1.44e-05,0.01462866,0.057761269,0.112572564,"Tarija",27,"Bolivia"
481,0.006841646,0.002684581,0.000797919,0.000545174,0.001359939,0.002453252,0.03217342,0.149463103,0.2357006,0.343662691,0.198190923,0.026126752,"Ayeyarwady",38,"Burma"
482,0.008979988,0.003977338,0.000624643,0.001711068,0.005876402,0.022636058,0.098031668,0.201163638,0.282181573,0.266681126,0.096908229,0.011228269,"Bago",38,"Burma"
483,0.024535674,0.013044257,0.01537819,0.041059832,0.079960894,0.107560402,0.132545362,0.132018279,0.145921902,0.136921181,0.105638722,0.065415304,"Chin",38,"Burma"
484,0.01623457,0.010533429,0.015542395,0.028077435,0.039919121,0.061309278,0.134377469,0.195413935,0.258311828,0.18112581,0.041314583,0.017840148,"Kachin",38,"Burma"
485,0.008201662,0.003778053,0.001068618,0.011030157,0.034757589,0.065128983,0.160653563,0.220882993,0.269521909,0.179396902,0.034505611,0.011073961,"Kayah",38,"Burma"
486,0.010566605,0.004870623,0.001002067,0.007109687,0.024813747,0.062134328,0.148356372,0.227889873,0.259734161,0.187277486,0.05339549,0.012849563,"Kayin",38,"Burma"
487,0.053296132,0.023085256,0.008197591,0.001730364,0.005589119,0.009159946,0.028681123,0.099523933,0.17735142,0.264453718,0.217138,0.111793399,"Magway",38,"Burma"
488,0.033231678,0.01342783,0.004744944,0.004977078,0.01303029,0.018719145,0.041286487,0.114745969,0.189834136,0.272909403,0.206414828,0.086678212,"Mandalay",38,"Burma"
489,0.001529843,0.00095574,0.000458242,0.002900516,0.028720194,0.120473283,0.219875709,0.31731807,0.227192938,0.070072376,0.009055738,0.001447351,"Mon",38,"Burma"
490,0.014621628,0.007334415,0.002656277,0.001087695,0.003088162,0.005311377,0.020049528,0.08509305,0.185948538,0.280514309,0.270161309,0.124133709,"Rakhine",38,"Burma"
491,0.041361335,0.022091155,0.0195172,0.030600677,0.046514057,0.060793202,0.0818354,0.129241443,0.171463516,0.205004761,0.13141094,0.060166313,"Sagaing",38,"Burma"
492,0.010130758,0.003696196,0.002921574,0.017021986,0.045590055,0.073147129,0.14250331,0.192109032,0.233284219,0.189478909,0.068575544,0.021541288,"Shan",38,"Burma"
493,0.029999278,0.008741744,0.007081097,0.012782076,0.037992611,0.101613086,0.149892954,0.208854147,0.150771926,0.103945233,0.110324852,0.078000995,"Tanintharyi",38,"Burma"
494,0.002445341,0.000952343,0.000174324,0.001410897,0.00561408,0.033689131,0.140972962,0.237198589,0.319020282,0.217816365,0.037306518,0.003399168,"Yangon",38,"Burma"
512,0,0,0,0,0,0,0,0,0,0,0,0,"Area Under National Administration",40,"Cambodia"
513,5.57e-05,0,0.003060104,0.00934647,0.012867028,0.015510844,0.042107217,0.159095756,0.236149259,0.344931413,0.176129965,0.000746221,"Banteay Mean Choay",40,"Cambodia"
514,0.000262915,0.002514848,0.015289451,0.031541404,0.042669032,0.0440426,0.055498847,0.143053116,0.205635369,0.300982756,0.155485889,0.003023772,"Batdambang",40,"Cambodia"
515,0.011006046,0.000837622,0.000906172,0.003120376,0.005103547,0.025964202,0.109461163,0.177373953,0.275275399,0.210822893,0.110084003,0.070044626,"Kampong Cham",40,"Cambodia"
516,0.000144288,2.69e-05,0.000508822,0.001420525,0.002140971,0.003253277,0.012905911,0.074173416,0.185006461,0.284976182,0.299042886,0.136400336,"Kampong Chhnang",40,"Cambodia"
517,0.000164351,0.000344453,0.001373485,0.002473723,0.010186942,0.037942267,0.06050537,0.110090661,0.167086454,0.196090463,0.265359605,0.148382225,"Kampong Spoe",40,"Cambodia"
518,0.000287385,1.23e-07,0.000326529,0.001046601,0.001697118,0.010205941,0.065699241,0.179427627,0.269707591,0.311405217,0.146365034,0.013831592,"Kampong Thum",40,"Cambodia"
519,0.000123151,0.000136062,0.000941027,0.002192386,0.032859935,0.152431871,0.248705898,0.355459139,0.193741961,0.012041587,0.000891877,0.000475106,"Kampot",40,"Cambodia"
520,0.001193229,6.78e-06,0.00350715,0.010726489,0.014774082,0.028739759,0.071454474,0.115688603,0.218913364,0.218383505,0.202356054,0.114256507,"Kandal",40,"Cambodia"
521,0.000511182,0.003256557,0.010776006,0.0144304,0.04427137,0.140352854,0.21284538,0.308426431,0.176930758,0.040168698,0.034798243,0.013232122,"Kaoh Kong",40,"Cambodia"
522,6.06e-05,0,0.000612054,0.001871437,0.034199062,0.159352877,0.254215281,0.362057391,0.184967303,0.001658884,0.000777041,0.000228085,"Keb",40,"Cambodia"
523,0.000106995,3.95e-06,1.46e-05,0.002880676,0.010567454,0.043693104,0.169251885,0.252467303,0.333985081,0.184879915,0.001384169,0.000764908,"Kracheh",40,"Cambodia"
524,0.001585543,0.000123744,7.35e-05,0.007882424,0.02429879,0.058391908,0.176800249,0.24318429,0.308995809,0.171744324,0.003619453,0.003299955,"Mondol Kiri",40,"Cambodia"
525,9.34e-06,0,0.001510239,0.004636582,0.006415679,0.018248697,0.081246537,0.193203744,0.27879998,0.297928753,0.117636672,0.000363778,"Otdar Mean Choay",40,"Cambodia"
526,0.000204285,0.003456769,0.017950215,0.03420834,0.046049555,0.045167595,0.054600151,0.14080909,0.203306649,0.297783278,0.15373118,0.002732893,"Pailin",40,"Cambodia"
527,0.007827714,2.22e-06,0.002693114,0.008236757,0.011344846,0.013662524,0.010199586,0.032902381,0.147075949,0.240423819,0.332231913,0.193399177,"Phnum Penh",40,"Cambodia"
528,0.00017644,0.001702318,0.006413841,0.009721485,0.014651654,0.019902921,0.046964445,0.159491017,0.227224579,0.317673863,0.179839189,0.016238247,"Pouthisat",40,"Cambodia"
529,4.81e-05,0.00035361,0.001246174,0.001756835,0.034052196,0.158707191,0.25365695,0.362564991,0.18528574,0.000914638,0.000917063,0.000496545,"Preah Seihanu",40,"Cambodia"
530,0.000110195,0,0.001173705,0.004101727,0.007231001,0.022300902,0.092549102,0.200022815,0.283020022,0.281229886,0.105311922,0.002948724,"Preah Vihear",40,"Cambodia"
531,5.67e-05,1.73e-07,0.000343154,0.00117657,0.001867379,0.029263979,0.145399129,0.23251109,0.332302847,0.202732903,0.034942726,0.019403384,"Prey Veng",40,"Cambodia"
532,0.00285061,0.000551337,0.00012338,0.003048638,0.009187426,0.040965167,0.164504085,0.246402626,0.332241874,0.188565261,0.006026146,0.005533449,"Rotanokiri",40,"Cambodia"
533,8.54e-05,3.48e-07,0.001478422,0.004495333,0.006207584,0.007604693,0.037843843,0.162260321,0.243983909,0.354352545,0.180524078,0.001163523,"Siem Reab",40,"Cambodia"
534,0.000174946,3.32e-06,0,0.002075991,0.007775654,0.039706793,0.16354921,0.248271679,0.33466448,0.189429968,0.009166673,0.005181283,"Stoeng Treng",40,"Cambodia"
535,7.63e-06,0,1.76e-07,6.86e-05,0.000225405,0.03042802,0.160543161,0.255417521,0.35375663,0.198802472,0.000632147,0.000118209,"Svay Rieng",40,"Cambodia"
536,3.46e-05,1.79e-08,6.37e-05,0.000194131,0.002492144,0.037158475,0.155298178,0.246557736,0.327940139,0.189072187,0.026478131,0.014710564,"Takev",40,"Cambodia"
845,0.030316868,0.054880412,0.099085028,0.184302288,0.226795188,0.254898183,0.133755394,0.000925734,4.05e-05,0.000934753,0.003815398,0.010250263,"Azuay",68,"Ecuador"
846,0.105082035,0.126948632,0.162227938,0.178959343,0.182504392,0.098710892,0.018247686,0.002814874,0.001217874,0.014277772,0.040427503,0.06858106,"Bolivar",68,"Ecuador"
847,0.035500937,0.081552977,0.142054249,0.21396619,0.220946641,0.204317467,0.096687881,0.000194468,2.69e-06,3.61e-05,0.000111128,0.004629315,"Cañar",68,"Ecuador"
848,0.037374397,0.044028934,0.045536923,0.038596225,0.046638935,0.087267673,0.145845368,0.190292024,0.188003798,0.111891697,0.037791064,0.026732962,"Carchi",68,"Ecuador"
849,0.108733495,0.126183623,0.149269306,0.158093104,0.129198991,0.061326121,0.018691685,0.024687863,0.038251304,0.05560395,0.058472894,0.071487664,"Chimborazo",68,"Ecuador"
850,0.066340391,0.072715883,0.119235793,0.141868813,0.175421152,0.10186558,0.028588364,0.048493718,0.061115611,0.066344664,0.056752286,0.061257746,"Cotopaxi",68,"Ecuador"
851,0.009399166,0.024400126,0.065261256,0.17375191,0.247016142,0.305345915,0.168731746,0.004368779,6.78e-05,9.93e-05,0.000406187,0.001151668,"El Oro",68,"Ecuador"
852,0.02645274,0.086113389,0.136734501,0.185063386,0.148802894,0.077533061,0.073149781,0.096240535,0.094812715,0.057319595,0.015591705,0.002185697,"Esmeraldas",68,"Ecuador"
853,0,0,0,0,0,0,0,0,0,0,0,0,"Galapagos",68,"Ecuador"
854,0.011998934,0.045624303,0.136673924,0.221485159,0.300173699,0.219753008,0.059418637,0.004202192,6.66e-05,0,5.55e-06,0.000598013,"Guayas",68,"Ecuador"
855,0.018181156,0.03371906,0.064203159,0.09969226,0.12102267,0.122311147,0.132800919,0.144875149,0.130650893,0.084707852,0.034582262,0.013253475,"Imbabura",68,"Ecuador"
856,0.015539465,0.03725289,0.057769192,0.091991449,0.175723163,0.204190705,0.270762716,0.145210721,3.64e-05,7.08e-05,9.48e-05,0.001357651,"Loja",68,"Ecuador"
857,0.015746179,0.057468948,0.148543248,0.22719771,0.290894902,0.19288262,0.052342956,0.010941582,0.001689606,0.000994733,0.000575702,0.000721815,"Los Rios",68,"Ecuador"
858,0.017786722,0.075006623,0.183885242,0.259162432,0.30230083,0.148296335,0.006913918,0.003584642,0.001423366,0.000877198,0.000411656,0.000351035,"Manabi",68,"Ecuador"
859,0.03544701,0.026407619,0.034156317,0.038564797,0.036726059,0.032499932,0.050021112,0.118192051,0.170759979,0.225857174,0.161876206,0.069491742,"Morona Santiago",68,"Ecuador"
860,0.02408867,0.004105107,0.001652827,0.003734469,0.025826717,0.057107704,0.110161421,0.173724428,0.184962323,0.193092434,0.145598815,0.075945086,"Napo",68,"Ecuador"
861,0.065728383,7.34e-06,0,0.000537822,0.002299938,0.005457169,0.010945156,0.065439078,0.170381008,0.225820584,0.262491495,0.190892026,"Orellana",68,"Ecuador"
862,0.042093393,0.000210994,8.37e-07,2.14e-05,0.015659569,0.046154415,0.087122383,0.144634946,0.178588243,0.179924779,0.180787288,0.124801758,"Pastaza",68,"Ecuador"
863,0.034727789,0.068911925,0.098770268,0.110528795,0.087486745,0.066162247,0.096153745,0.138364235,0.149480148,0.099219436,0.034045811,0.016148854,"Pichincha",68,"Ecuador"
864,0.010026353,0.049284268,0.165389124,0.2412026,0.335099103,0.190645721,0.006213248,0.001723814,0,0,0,0.000415769,"Santa Elena",68,"Ecuador"
865,0.026217577,0.09041992,0.155759272,0.207200337,0.174175264,0.072010244,0.046838613,0.072702622,0.080245137,0.056410634,0.016549739,0.00147064,"Santo Domingo De Los Tsachilas",68,"Ecuador"
866,0.042471775,0.006372447,0.004232329,0.003342738,0.00531173,0.017884621,0.046351655,0.107722863,0.186960629,0.221196315,0.219915873,0.138237024,"Sucumbios",68,"Ecuador"
867,0.06537659,0.025527271,0.003437147,0.000171645,0.011612637,0.032933206,0.085955679,0.155268465,0.183806949,0.199089868,0.144167744,0.092652797,"Tungurahua",68,"Ecuador"
868,0.011069476,0.019064429,0.045771582,0.128513907,0.217792163,0.283204439,0.224932586,0.061531351,9.68e-06,0.000911471,0.002787874,0.004411038,"Zamora Chinchipe",68,"Ecuador"
869,0.016715741,0.063023577,0.142342209,0.211540155,0.242617124,0.146507035,0.043449108,0.031809291,0.041555257,0.041987773,0.017245459,0.001207272,"Zona No Delimitada",68,"Ecuador"
939,0,0.000325454,0.013495496,0.03958001,0.106514591,0.232201954,0.291262951,0.222724525,0.088200582,0.004678536,0.001015901,0,"Addis Ababa",74,"Ethiopia"
940,0.033232092,0.006643586,0.008437577,0.020207848,0.043497398,0.072045272,0.114761569,0.147531797,0.167012941,0.171449208,0.131060726,0.084119986,"Afar",74,"Ethiopia"
941,0.002330027,0.002549492,0.015367117,0.048559095,0.111605149,0.177380959,0.221393464,0.204134245,0.129020924,0.060487008,0.019887379,0.007285141,"Amhara",74,"Ethiopia"
942,0.007698574,0.004387442,0.010169797,0.02954662,0.061322607,0.092531089,0.140650051,0.186002221,0.194528483,0.161986439,0.081831404,0.029345274,"Beneshangul Gumu",74,"Ethiopia"
943,0.008425066,0.027435433,0.049412338,0.078246053,0.120401392,0.13005299,0.164365761,0.171597789,0.130044471,0.080485938,0.033712594,0.005820172,"Dire Dawa",74,"Ethiopia"
944,0.027179371,0.010099805,0.007579066,0.008064495,0.018158529,0.047229277,0.115501556,0.179648269,0.183302644,0.185456852,0.137862934,0.079917201,"Gambela",74,"Ethiopia"
945,0.00791084,0.011443674,0.023130741,0.056265979,0.12228615,0.152144092,0.163551382,0.146675015,0.123622661,0.109588243,0.062545667,0.020835556,"Hareri",74,"Ethiopia"
946,0.010140205,0.017152932,0.050516737,0.096670372,0.145506877,0.160068933,0.160977056,0.140464876,0.104128377,0.065735024,0.032035243,0.016603368,"Oromia",74,"Ethiopia"
947,0.014510547,0.031833655,0.076870526,0.117624149,0.140573724,0.124205402,0.116853603,0.121393995,0.110766724,0.082906682,0.042565335,0.019895657,"SNNPR",74,"Ethiopia"
948,0.008093808,0.028435752,0.094628027,0.165316189,0.209279828,0.184920612,0.115538966,0.055286995,0.042981565,0.045768568,0.034580096,0.015169594,"Somali",74,"Ethiopia"
949,0.002805578,0.000395856,0.002992997,0.009313986,0.046897295,0.134054584,0.222579286,0.258914199,0.189629751,0.092872854,0.028480379,0.011063236,"Tigray",74,"Ethiopia"
1005,0.00031201,0.007665548,0.037349132,0.102021119,0.19259898,0.219356634,0.214626282,0.147046073,0.064065372,0.014686837,0.000272012,0,"Abkhazia",85,"Georgia"
1006,0.000241363,0.005026386,0.029124816,0.090044619,0.181969809,0.218364998,0.220765603,0.15921349,0.075600214,0.019332579,0.000316122,0,"Ajaria",85,"Georgia"
1007,0.001000754,0.018060487,0.07122375,0.141869723,0.213776686,0.20639519,0.17799948,0.116585362,0.045185921,0.007824747,7.79e-05,0,"Guria",85,"Georgia"
1008,0.000413664,0.009787153,0.053288743,0.131958362,0.220277676,0.225526375,0.194549013,0.116716535,0.042948369,0.004380415,0.000153695,0,"Imereti",85,"Georgia"
1009,0,0.003345404,0.0454432,0.131781098,0.222480577,0.240918857,0.196122199,0.108147198,0.04401307,0.007630826,0.000117572,0,"Kakheti",85,"Georgia"
1010,0,0.003314321,0.039113506,0.116565887,0.208204941,0.239412781,0.206505328,0.123666585,0.051381056,0.011825342,1.03e-05,0,"Kverno Kartli",85,"Georgia"
1011,0,0,0.012075623,0.064655821,0.160241321,0.217995841,0.238745666,0.18410838,0.094378936,0.026734799,0.001063614,0,"Mtskheta-mtianeti",85,"Georgia"
1012,0,0,0.006307989,0.047332789,0.138838136,0.21058595,0.24505415,0.20447809,0.110746155,0.035408919,0.001247822,0,"Racha-Lechkumi & Kvemo Svaneti",85,"Georgia"
1013,0.00037335,0.014937957,0.060931068,0.125484262,0.201452008,0.205967849,0.192081049,0.132634258,0.054416875,0.011480793,0.00024053,0,"Samegrelo & Zemo Svaneti",85,"Georgia"
1014,0,0,0.004214345,0.035043389,0.121271562,0.203130884,0.241855512,0.218871442,0.130408239,0.045017125,0.000187503,0,"Samtskhe-Javakheti",85,"Georgia"
1015,0,0,0.019639075,0.086600809,0.189434741,0.234876692,0.229713286,0.154393938,0.069653909,0.015519878,0.000167673,0,"Shida Kartli",85,"Georgia"
1016,0,0.000737485,0.050593559,0.155143424,0.244218641,0.258865277,0.1912413,0.079237004,0.019954418,8.2e-06,6.89e-07,0,"Tbilisi",85,"Georgia"
1122,0.014624051,0.017038034,0.067162054,0.163307942,0.216921044,0.252816701,0.188218707,0.067939424,0.001870953,0.00019628,0.001916965,0.007987845,"Atlantida",103,"Honduras"
1123,0.026021198,0.001060455,0.000103946,0.03693238,0.12445045,0.168003152,0.216963541,0.164834209,0.093081595,0.059092401,0.05762072,0.051835952,"Choluteca",103,"Honduras"
1124,0.012970323,0.018162642,0.076523951,0.170217827,0.223122088,0.249620052,0.178970617,0.060692595,0.000765515,0.000763129,0.001657107,0.006534153,"Colon",103,"Honduras"
1125,0.020842511,0.009838409,0.005075935,0.044194916,0.14372987,0.190556679,0.23343747,0.169471189,0.077451638,0.038851322,0.03700446,0.0295456,"Comayagua",103,"Honduras"
1126,0.016089975,0.009406542,0.023645868,0.08649803,0.171887154,0.21510606,0.226485567,0.143085938,0.053949835,0.017752296,0.017099816,0.018992919,"Copan",103,"Honduras"
1127,0.020792406,0.016386716,0.033037343,0.099512324,0.183819992,0.226496963,0.224110038,0.128056496,0.035707434,0.00540482,0.009872524,0.016802943,"Cortes",103,"Honduras"
1128,0.016360563,0.006169074,0.000459712,0.043066475,0.147559999,0.198718232,0.244865146,0.177339075,0.079691401,0.033593357,0.028363213,0.023813752,"El Paraiso",103,"Honduras"
1129,0.017097867,0.008305154,0.006062087,0.048394813,0.148164938,0.194657499,0.236478415,0.17056648,0.078461388,0.035160897,0.031170224,0.025480238,"Francisco Morazan",103,"Honduras"
1130,0.079057496,0.114243488,0.201819255,0.218688462,0.177697007,0.09314279,0.038393447,0.014596392,0.014839434,0.007735104,0.005160083,0.034627042,"Gracias A Dios",103,"Honduras"
1131,0.00471466,0.002724171,0.007830228,0.050999858,0.150287105,0.193560594,0.24179734,0.183855776,0.090261621,0.036622102,0.023467465,0.01387908,"Intibuca",103,"Honduras"
1132,0,0,0,0,0,0,0,0,0,0,0,0,"Islas De La Bahia",103,"Honduras"
1133,0.007630458,0.001336738,1.57e-05,0.042931078,0.1427216,0.189040178,0.242614704,0.186462786,0.093002038,0.040568182,0.032149214,0.021527337,"La Paz",103,"Honduras"
1134,0.007863027,0.003817928,0.007119163,0.050256326,0.147257538,0.191012684,0.240149015,0.184344364,0.090852643,0.035052522,0.024756186,0.017518603,"Lempira",103,"Honduras"
1135,0.005422379,0.003334674,0.007583072,0.046889215,0.136117522,0.177697432,0.228119162,0.186719127,0.106857158,0.051992409,0.0317384,0.01752945,"Ocotepeque",103,"Honduras"
1136,0.042704657,0.043112695,0.061929766,0.100411775,0.168094272,0.190512536,0.178379762,0.103532582,0.039002379,0.017334997,0.021021354,0.033963226,"Olancho",103,"Honduras"
1137,0.011895244,0.009570692,0.023631634,0.084595694,0.17291769,0.218327897,0.23860478,0.153374782,0.055399976,0.011867475,0.009303457,0.010510679,"Santa Barbara",103,"Honduras"
1138,0.006734922,0.000994113,0,0.044056409,0.148457925,0.197735739,0.253834044,0.189121703,0.088327975,0.031650513,0.023609688,0.015476968,"Valle",103,"Honduras"
1139,0.020296221,0.021172218,0.056294255,0.135074997,0.19949861,0.235413118,0.196920975,0.091138312,0.018128584,0.004858757,0.007420197,0.013783756,"Yoro",103,"Honduras"
1174,0,0,0,0,0,0,0,0,0,0,0,0,"Andaman and Nicobar Islands",108,"India"
1175,0.077264934,0.020224147,0.001466865,7.08e-05,0.000700243,0.002226578,0.014625294,0.067925686,0.146896259,0.240925528,0.251372951,0.176300683,"Andhra Pradesh",108,"India"
1176,0.016075679,0.026347993,0.048641969,0.069223107,0.098741675,0.154500115,0.192506229,0.230627079,0.132019412,0.01972887,0.003528735,0.008059136,"Arunachal Pradesh",108,"India"
1177,0.038386682,0.024920472,0.016180213,0.014681392,0.041126975,0.136406154,0.212071335,0.292232825,0.15276763,0.014034493,0.02196608,0.035225749,"Assam",108,"India"
1178,0.10645054,0.042436475,0.001814679,0.002324815,0.007833575,0.017352326,0.045080022,0.111831081,0.150366543,0.213200673,0.174528833,0.126780438,"Bihar",108,"India"
1179,0.134651254,0.020991774,0.000813664,0.000530809,0.002384388,0.006479357,0.014760299,0.053777879,0.106974491,0.190011146,0.239547542,0.229077397,"Chandigarh",108,"India"
1180,0.023871187,0.00992409,0.002072984,9.32e-05,0.002149224,0.005913992,0.037928181,0.153449619,0.225132939,0.326377161,0.182676827,0.030410637,"Chhattisgarh",108,"India"
1181,0.013542095,0.003574885,0,0,0.001663213,0.014545894,0.074166467,0.181194461,0.265365362,0.290614555,0.13200318,0.023329887,"Dadra and Nagar Haveli",108,"India"
1182,0.009878367,0.002995189,0.000218126,0,0.018907035,0.076270914,0.146316873,0.221816193,0.25328837,0.186003226,0.067311765,0.016993942,"Daman and Diu",108,"India"
1183,0.092856312,0.00487974,0.002930752,0.001907997,0.00099338,0.000206296,0.001612708,0.010248199,0.077020806,0.232719602,0.317350579,0.25727363,"Delhi",108,"India"
1184,0.000903547,0,0,0,0.002576309,0.027446068,0.126870295,0.226474258,0.314329691,0.22470416,0.061731964,0.014963708,"Goa",108,"India"
1185,0.058722893,0.020122593,0.000720221,0.000184595,0.014268818,0.047907653,0.091619666,0.150730445,0.186508125,0.187866474,0.14374787,0.097600645,"Gujarat",108,"India"
1186,0.118358976,0.035661988,0.01026379,0.004039097,0.000806515,0.002085237,0.008334617,0.031412005,0.093395447,0.214344023,0.259171748,0.222126559,"Haryana",108,"India"
1187,0.033805452,0.019944803,0.025702565,0.04139595,0.075626772,0.102869759,0.128540617,0.154165366,0.142194355,0.131978419,0.088725218,0.055050723,"Himachal Pradesh",108,"India"
1188,0.013943229,0.017737724,0.030450517,0.053947516,0.101929123,0.13542187,0.160291401,0.168808615,0.123661015,0.101029446,0.067564459,0.025215086,"Jammu and Kashmir",108,"India"
1189,0.082107168,0.031590631,0.002233749,0.000584523,0.003780084,0.008710265,0.034316561,0.118911602,0.170817654,0.260263521,0.187574594,0.099109648,"Jharkhand",108,"India"
1190,0.040762141,0.004850681,0.000661138,0.008927177,0.032201581,0.050191628,0.073980094,0.114462078,0.156232928,0.214238943,0.186805495,0.116686116,"Karnataka",108,"India"
1191,0.009197393,0.005966024,0.009581585,0.017500458,0.032482711,0.066768641,0.145658316,0.21240176,0.250685984,0.171640482,0.055600231,0.022516414,"Kerala",108,"India"
1192,0,0,0,0,0,0,0,0,0,0,0,0,"Lakshadweep",108,"India"
1193,0.111111461,0.040220365,0.000992651,1.06e-05,0.001636474,0.014174911,0.05416165,0.109705299,0.143798958,0.18401627,0.181604275,0.158567058,"Madhya Pradesh",108,"India"
1194,0.03766392,0.014350624,0.002677031,1.74e-08,0.004728195,0.017321759,0.064835537,0.158106743,0.2205271,0.237491968,0.162047677,0.08024943,"Maharashtra",108,"India"
1195,0.007089048,0.008070139,0.010273028,0.01137783,0.025348266,0.090624668,0.187829365,0.278985313,0.25193705,0.110403293,0.01271872,0.005343282,"Manipur",108,"India"
1196,0.08792699,0.064909863,0.051038703,0.047080568,0.069041487,0.120044044,0.163162457,0.185279447,0.083878788,0.01527829,0.040825988,0.071533375,"Meghalaya",108,"India"
1197,0.054804124,0.038281834,0.025609026,0.019172958,0.033804589,0.069069213,0.106117588,0.167967739,0.15977297,0.141008976,0.110930268,0.073460714,"Mizoram",108,"India"
1198,0.047840079,0.056373383,0.079374934,0.088524887,0.096806129,0.124374904,0.148860624,0.173206449,0.112322902,0.030065906,0.013259941,0.028989861,"Nagaland",108,"India"
1199,0.028714543,0.011731187,0.002297103,0.000251076,0.002040166,0.005471608,0.03642105,0.147647684,0.220668477,0.321686676,0.185027169,0.03804326,"Orissa",108,"India"
1200,0.31964754,0.163048931,0.003152526,0.000109696,0.00034121,0.000493101,0.001046792,0.005337624,0.018043183,0.062399195,0.177156451,0.24922375,"Pondicherry",108,"India"
1201,0.106602922,0.033638413,0.014103758,0.003614851,0.001714613,0.002298299,0.011030924,0.050949697,0.114014938,0.219018553,0.247091938,0.195921094,"Punjab",108,"India"
1202,0.113521717,0.030744101,0.003418949,0.000833641,0.00026598,0.006868565,0.030876458,0.066174621,0.116428986,0.195614394,0.226845985,0.208406604,"Rajasthan",108,"India"
1203,0.006946087,0.015409675,0.058763654,0.118910272,0.162247935,0.158615844,0.135879265,0.111414943,0.102955062,0.07491295,0.035709374,0.01823494,"Sikkim",108,"India"
1204,0.187106395,0.082032683,0.015702677,0.006017388,0.010232612,0.015418438,0.031337364,0.046419557,0.084518158,0.12737609,0.175290437,0.218548201,"Tamil Nadu",108,"India"
1205,0.016380912,0.013164176,0.007095812,0.003037045,0.014422767,0.039177472,0.083168522,0.191035991,0.213728681,0.265703178,0.140387541,0.012697903,"Tripura",108,"India"
1206,0.168536227,0.063317543,0.001189746,0.0001533,0.000606529,0.002808821,0.013371986,0.047580349,0.084862929,0.168628912,0.224642932,0.224300725,"Uttar Pradesh",108,"India"
1207,0.067291502,0.029674799,0.016265371,0.021485712,0.036903342,0.057052495,0.086416656,0.131313833,0.147824694,0.181273207,0.135108101,0.089390289,"Uttaranchal",108,"India"
1208,0.086336164,0.049611533,0.014538522,0.001688394,0.002341006,0.008394645,0.05016074,0.134249459,0.196869366,0.237541045,0.139651741,0.078617383,"West Bengal",108,"India"
1440,0.114412587,0.14586021,0.192831133,0.162907121,0.11525229,0.065434161,0.031394292,0.01543941,0.020172142,0.028948173,0.037311611,0.07003687,"Central",125,"Kenya"
1441,0.027302039,0.02958255,0.060520131,0.119372981,0.186236341,0.211849245,0.182902914,0.09459583,0.027015559,0.016861376,0.019027297,0.024733737,"Coast",125,"Kenya"
1442,0.074552627,0.070482239,0.100728399,0.137198756,0.161993487,0.156550116,0.107687964,0.041115127,0.012197908,0.028247614,0.044312227,0.064933535,"Eastern",125,"Kenya"
1443,0.034236375,0.082083547,0.176631643,0.228250603,0.239717114,0.157502354,0.059533774,0.011780809,2.27e-05,0.000185533,0.000443273,0.00961229,"Nairobi",125,"Kenya"
1444,0.022249371,0.02133449,0.071978363,0.152971308,0.2149284,0.225377297,0.156957617,0.060216484,0.015339183,0.015498432,0.018175451,0.024973603,"North Eastern",125,"Kenya"
1445,0.09714035,0.107502514,0.138221105,0.124687352,0.094020099,0.072913463,0.079933372,0.075582389,0.051764818,0.045172744,0.046373979,0.066687816,"Nyanza",125,"Kenya"
1446,0.047396888,0.063043413,0.102260042,0.134053207,0.159790808,0.148707203,0.123536759,0.080184679,0.044913861,0.031708528,0.028692404,0.035712209,"Rift Valley",125,"Kenya"
1447,0.069912282,0.094623635,0.121479542,0.132132707,0.114460133,0.083006824,0.075106846,0.080659104,0.06429549,0.055234697,0.052785773,0.056302967,"Western",125,"Kenya"
1462,0,0.000214437,0.033489583,0.122923302,0.227827373,0.248920919,0.20134137,0.10881331,0.043939165,0.011681765,0.000848777,0,"Batken",129,"Kyrgyzstan"
1463,0,0,0.024770718,0.09923293,0.199124494,0.232757494,0.209667934,0.13673196,0.067933206,0.026838338,0.002942926,0,"Chuy",129,"Kyrgyzstan"
1464,0,0,0.022068445,0.094993926,0.199621316,0.23941816,0.218726487,0.137359702,0.062515063,0.024035815,0.001261087,0,"Jalal-Abad",129,"Kyrgyzstan"
1465,0,0,0.004831744,0.045495625,0.144482117,0.222559488,0.251682101,0.19566236,0.096894856,0.036623817,0.001767891,0,"Naryn",129,"Kyrgyzstan"
1466,0,0,0.023561108,0.098010367,0.202408899,0.240626956,0.217728025,0.135507082,0.059899969,0.021433684,0.000823911,0,"Osh",129,"Kyrgyzstan"
1467,0,0,0.015953583,0.07968562,0.184505595,0.232027656,0.226898768,0.154306894,0.07322543,0.030886817,0.002509637,0,"Talas",129,"Kyrgyzstan"
1468,0,0,0.010858372,0.074376193,0.184424925,0.240066069,0.241835271,0.154140393,0.066656444,0.027272059,0.000370275,0,"Ysyk-Kol",129,"Kyrgyzstan"
1575,0.039599356,0.060820766,0.075111709,0.120462318,0.179953292,0.210578059,0.203095229,0.080936077,0,0.000462377,0.007670484,0.021310333,"Balaka",142,"Malawi"
1576,0.204249484,0.155018922,0.102026446,0.054684847,0.059255613,0.057584333,0.048548472,0.017700001,0.00024782,0.032896076,0.107523717,0.160264269,"Blantyre",142,"Malawi"
1577,0.098259974,0.074038861,0.061066107,0.082811014,0.145940983,0.180104471,0.158105122,0.056110987,0.000257093,0.016162587,0.050909548,0.076233254,"Chikwawa",142,"Malawi"
1578,0.261939427,0.1692661,0.084091378,0.023307122,0.021670313,0.010538081,0.003290534,0.000169435,5.47e-05,0.050630154,0.157301795,0.217740914,"Chiradzulu",142,"Malawi"
1579,0.122639369,0.148038485,0.188110269,0.179600451,0.137106253,0.061837678,0.018931773,0.003950097,0.001093582,0.013821293,0.045014898,0.079855852,"Chitipa",142,"Malawi"
1580,0.0979972,0.150772365,0.202405665,0.202162826,0.139883349,0.076117917,0.043698031,0.013619563,0.000804538,0.003969606,0.018165066,0.050403876,"Dedza",142,"Malawi"
1581,0.118324657,0.160960082,0.191300536,0.170314443,0.130134302,0.077761793,0.034625338,0.008967966,0.000160322,0.002426098,0.025862413,0.079162049,"Dowa",142,"Malawi"
1582,0.052059233,0.09536561,0.167409345,0.197481038,0.206404162,0.145368342,0.079004104,0.015214885,0.00025019,0.000907643,0.010106353,0.030429096,"Karonga",142,"Malawi"
1583,0.101997526,0.143311892,0.185435016,0.18417862,0.171217344,0.094717297,0.018851384,7.99e-05,1.64e-05,0.001919049,0.024854519,0.073420986,"Kasungu",142,"Malawi"
1584,0,0,0,0,0,0,0,0,0,0,0,0,"Likoma",142,"Malawi"
1585,0.129909317,0.174820346,0.211952213,0.188550935,0.120500036,0.042470672,0.009355652,0.002068505,0.0001645,0.004301231,0.031531069,0.084375525,"Lilongwe",142,"Malawi"
1586,0.054300659,0.055949602,0.062959666,0.106047382,0.174242169,0.211836841,0.195966403,0.074086286,0.000568974,0.005490717,0.021096621,0.03745468,"Machinga",142,"Malawi"
1587,0.034251999,0.056845088,0.103774281,0.164166039,0.221360828,0.210019117,0.140803955,0.041883333,5.09e-05,0.000491484,0.00700336,0.019349591,"Mangochi",142,"Malawi"
1588,0.16755462,0.196189392,0.193144595,0.129301797,0.082231138,0.046859549,0.011066303,1.05e-06,2.89e-06,0.00316749,0.047805186,0.122675992,"Mchinji",142,"Malawi"
1589,0.171511509,0.1143332,0.085875719,0.080962982,0.106168436,0.09955141,0.044179441,0.002283796,0.00426543,0.04046776,0.104951452,0.145448865,"Mulanje",142,"Malawi"
1590,0.156239475,0.151334576,0.136414923,0.1068781,0.098422154,0.092170547,0.056569071,0.012720755,1.45e-05,0.012722914,0.058881295,0.117631705,"Mwanza",142,"Malawi"
1591,0.090658872,0.149818642,0.226669615,0.239068539,0.159636215,0.047886299,0.011277885,0.002365535,0.000564899,0.006764863,0.022599019,0.042689616,"Mzimba",142,"Malawi"
1592,0.05173151,0.092405506,0.158837313,0.196619533,0.180370338,0.12256382,0.086110328,0.052002187,0.016137593,0.006203424,0.015110491,0.021907956,"Nkhata Bay",142,"Malawi"
1593,0.03579015,0.080463457,0.140297629,0.187488961,0.213132092,0.166105298,0.116478729,0.03783591,3.47e-05,0.000360473,0.005436108,0.016576501,"Nkhotakota",142,"Malawi"
1594,0.221894712,0.147932032,0.079176764,0.028487359,0.045735948,0.056293985,0.052183995,0.019445253,0.000499159,0.042307229,0.127747954,0.178295609,"Nsanje",142,"Malawi"
1595,0.121517476,0.162426468,0.18451895,0.167454847,0.129529506,0.076111204,0.036852009,0.010901098,0.0002189,0.00447236,0.030416002,0.07558118,"Ntcheu",142,"Malawi"
1596,0.133689971,0.168048505,0.183109626,0.147744743,0.115004797,0.077970609,0.035611462,0.008683333,8.3e-05,0.001850866,0.029992476,0.098210631,"Ntchisi",142,"Malawi"
1597,0.158891568,0.108996069,0.089901828,0.09185365,0.125640638,0.117163462,0.050054493,0.001730342,0.001141678,0.031266211,0.093465547,0.129894513,"Phalombe",142,"Malawi"
1598,0.138637502,0.181601149,0.218978217,0.174005444,0.10519385,0.04093864,0.013531508,0.003467643,0.000547851,0.006984997,0.033109961,0.083003238,"Rumphi",142,"Malawi"
1599,0.047958869,0.134623741,0.193605724,0.245176989,0.207145796,0.10848952,0.04201455,0.016939535,0,8.29e-07,0.001001394,0.003043051,"Salima",142,"Malawi"
1600,0.178567403,0.129318096,0.100302424,0.089844332,0.097538383,0.07221574,0.038549358,0.007609708,0.000820913,0.034285867,0.10543944,0.145508337,"Thyolo",142,"Malawi"
1601,0.202159206,0.142246727,0.089861533,0.058648528,0.070364639,0.063492484,0.045013494,0.013090939,0.000276698,0.036517471,0.114814726,0.163513555,"Zomba",142,"Malawi"
1638,0.000260123,0,0,0,0.053338888,0.190624998,0.291255313,0.266283851,0.133117595,0.042101052,0.016598166,0.006420013,"Bamako",145,"Mali"
1639,0,0,0,0,0.000415683,0.057883502,0.218074015,0.321351069,0.27099912,0.118334112,0.012942499,0,"Gao",145,"Mali"
1640,0.003322758,0.001257782,0.000275317,2.11e-07,0.013767214,0.081754913,0.196133693,0.258700645,0.230799125,0.14641374,0.05297207,0.014602532,"Kayes",145,"Mali"
1641,0,0,0,0,0,0,0,0,0,0,0,0,"Kidal",145,"Mali"
1642,0.001748316,0.000417822,1.75e-05,0,0.021232286,0.100985358,0.216486274,0.272092142,0.219551696,0.116808291,0.040052004,0.010608271,"Koulikoro",145,"Mali"
1643,0.011970251,0.003953896,0.000355518,0,7.15e-05,0.043964048,0.176487578,0.29163243,0.266716074,0.145272672,0.042230528,0.017345522,"Mopti",145,"Mali"
1644,0.002916308,0.001310364,0.000329648,0,0.011050431,0.077064564,0.201413707,0.273160814,0.228578982,0.122389525,0.057914762,0.023870897,"Segou",145,"Mali"
1645,6.05e-05,1.33e-05,1.3e-05,0.009134235,0.066507513,0.145603821,0.198500953,0.220551357,0.168488214,0.118925879,0.064206959,0.007994306,"Sikasso",145,"Mali"
1646,0,0,0,0,0,0.049552733,0.201999945,0.321323306,0.275875487,0.131048305,0.019402807,0.000797417,"Tombouctou",145,"Mali"
1780,0,0,0,0,0.006859561,0.073655524,0.231808548,0.32102114,0.262545303,0.104109924,0,0,"Arkhangai",156,"Mongolia"
1781,0,0,0,0,0.026307571,0.127828719,0.262114019,0.299722291,0.213497419,0.070529982,0,0,"Bayankhongor",156,"Mongolia"
1782,0,0,0,0.005665041,0.074902116,0.216249881,0.318655023,0.294995411,0.089532528,0,0,0,"Bayan-Olgii",156,"Mongolia"
1783,0,0,0,0.000405889,0.022019503,0.112078376,0.25331272,0.306530961,0.225991251,0.079661299,0,0,"Bulgan",156,"Mongolia"
1784,0,0,0,0.000195956,0.039545947,0.164374601,0.281467748,0.283947828,0.180429486,0.049837686,0.000200748,0,"Darkhan-uul",156,"Mongolia"
1785,0,0,0,3.04e-07,0.043088198,0.17508726,0.28781687,0.277883345,0.167855845,0.045933678,0.002334499,0,"Dornod",156,"Mongolia"
1786,0,0,0,0,0,0,0,0,0,0,0,0,"Dornogovi",156,"Mongolia"
1787,0,0,0,0,0,0,0,0,0,0,0,0,"Dundgovi",156,"Mongolia"
1788,0,0,0,0.000748949,0.027387299,0.129642841,0.256642012,0.29382072,0.216598972,0.07461631,0.000542896,0,"Govi-Altai",156,"Mongolia"
1789,0,0,0,0,0,0,0,0,0,0,0,0,"Govisumber",156,"Mongolia"
1790,0,0,0,0,0.016155436,0.101053333,0.24666352,0.308959536,0.238390348,0.088775984,1.84e-06,0,"Khentii",156,"Mongolia"
1791,0,0,0,0.00742493,0.066175909,0.196708375,0.293612671,0.264167017,0.137334713,0.033029976,0.001546408,0,"Khovd",156,"Mongolia"
1792,0,0,0,0.000404963,0.014600446,0.092313047,0.241902094,0.313747534,0.244781032,0.092250885,0,0,"Khuvsgul",156,"Mongolia"
1793,0,0,0,0,0.005079038,0.069575808,0.229378143,0.321830143,0.266818157,0.107318712,0,0,"Orkhon",156,"Mongolia"
1794,0,0,0,0.000528244,0.038479127,0.155772691,0.277543951,0.289224833,0.18529175,0.052899385,0.000260019,0,"Selenge",156,"Mongolia"
1795,0,0,0,0,0.04205574,0.172903744,0.28496424,0.280350239,0.175202168,0.044487694,3.62e-05,0,"Sukhbaatar",156,"Mongolia"
1796,0,0,0,0.000290839,0.021848198,0.115649912,0.254001033,0.302282236,0.225220409,0.080597357,0.000110017,0,"Tuv",156,"Mongolia"
1797,0,0,0,0,0.007121161,0.075729757,0.232703109,0.319009857,0.261465866,0.103970251,0,0,"Ulaanbaatar",156,"Mongolia"
1798,0,0,0,0,0,0,0,0,0,0,0,0,"Umnugovi",156,"Mongolia"
1799,0,0,0,0.014900477,0.105176512,0.236759268,0.309152492,0.242761436,0.088942203,0.002208085,9.95e-05,0,"Uvs",156,"Mongolia"
1800,0,0,0,0,0.007382019,0.075470605,0.232755135,0.319986691,0.261120366,0.103285184,0,0,"Uvurkhangai",156,"Mongolia"
1801,0,0,0,0.00020487,0.047239646,0.171934924,0.292338221,0.29213773,0.161764223,0.034380387,0,0,"Zavkhan",156,"Mongolia"
1955,0.089223061,0.095525605,0.089769114,0.094942973,0.147938366,0.160842057,0.139729044,0.058290858,0.012507777,0.019708443,0.032359346,0.059163356,"Abia",170,"Nigeria"
1956,0.000324325,0,0.008070369,0.054829231,0.128909653,0.177333984,0.196825352,0.146892157,0.111403735,0.10771201,0.055764969,0.011934214,"Abuja Federal Capital Territory",170,"Nigeria"
1957,0.010973834,0.003986304,0.00175376,0.009008884,0.031893444,0.075333647,0.154124828,0.216645894,0.210931807,0.172508099,0.087932851,0.024906647,"Adamawa",170,"Nigeria"
1958,0.244175325,0.213714973,0.123882313,0.046499444,0.038315165,0.018417345,0.005977461,0.005920362,0.008049281,0.026103881,0.090272629,0.178671823,"Akwa Ibom",170,"Nigeria"
1959,0.000110313,0.003921377,0.032920877,0.102021854,0.19747679,0.241016834,0.207929393,0.093727396,0.040548448,0.053457877,0.026342656,0.000526185,"Anambra",170,"Nigeria"
1960,0.001474293,0.000373955,7.62e-05,0.003531774,0.026416922,0.083231274,0.176798663,0.240980496,0.230805831,0.161296476,0.062791908,0.012222214,"Bauchi",170,"Nigeria"
1961,0.14589299,0.13728144,0.118334419,0.105729954,0.119648144,0.086768594,0.04922584,0.019308885,0.014647915,0.029042778,0.063901269,0.110217772,"Bayelsa",170,"Nigeria"
1962,0.000431273,0.000249917,0.018128138,0.089300467,0.187283074,0.248505901,0.244225069,0.117929588,0.04713889,0.033695017,0.010427853,0.002684813,"Benue",170,"Nigeria"
1963,0.003052397,0.000788055,3.96e-08,6.73e-07,0.002925279,0.046588227,0.158671629,0.263730898,0.275290168,0.175828524,0.056902115,0.016221994,"Borno",170,"Nigeria"
1964,0.087614164,0.093737116,0.094722505,0.104197494,0.150219474,0.148740402,0.113929128,0.053776459,0.021909602,0.02908317,0.040312125,0.06175836,"Cross River",170,"Nigeria"
1965,0.0457826,0.052733117,0.071372273,0.112139869,0.188228937,0.213613385,0.168067704,0.063430931,0.016594747,0.020616157,0.01923209,0.028188188,"Delta",170,"Nigeria"
1966,0.000236133,0.002827621,0.030445697,0.101202362,0.197280564,0.243743486,0.210583728,0.093318722,0.038188915,0.053194299,0.027608659,0.001369814,"Ebonyi",170,"Nigeria"
1967,5.32e-05,0.005582171,0.04038675,0.118681209,0.222243285,0.264309146,0.22085778,0.083805548,0.016294645,0.018866925,0.008735945,0.000183362,"Edo",170,"Nigeria"
1968,1.42e-05,0.007020447,0.049780029,0.132411895,0.232501729,0.26381028,0.209384608,0.078678418,0.011417778,0.01077907,0.004152731,4.88e-05,"Ekiti",170,"Nigeria"
1969,9.35e-05,0.001674978,0.027651209,0.099114059,0.194201947,0.244536105,0.218001027,0.100734809,0.04628225,0.048018771,0.019163846,0.000527542,"Enugu",170,"Nigeria"
1970,0.001446066,0.000277323,0,0,0.009227799,0.051278797,0.143455492,0.225537753,0.247903734,0.200263012,0.096337412,0.024272611,"Gombe",170,"Nigeria"
1971,0.021652931,0.030450272,0.050786272,0.103467208,0.1976148,0.238537391,0.216829157,0.086404348,0.012688079,0.015565334,0.012387872,0.013616335,"Imo",170,"Nigeria"
1972,0.00142919,0.000308872,0,0,0.00769289,0.070026171,0.204068995,0.295059373,0.256812753,0.128019692,0.027160479,0.009421586,"Jigawa",170,"Nigeria"
1973,5.8e-06,0,0.002409391,0.021846598,0.081997877,0.151229056,0.199373608,0.201916607,0.161097811,0.120758367,0.052451796,0.006913092,"Kaduna",170,"Nigeria"
1974,0.000117392,0,0,0.00061606,0.042418602,0.159814693,0.27173335,0.272638026,0.163173357,0.068452192,0.01750582,0.003530509,"Kano",170,"Nigeria"
